33,Jogging,49105962326000,-0.6946377,12.680544,0.50395286
33,Jogging,49106062271000,5.012288,11.264028,0.95342433
33,Jogging,49106112167000,4.903325,10.882658,-0.08172209
33,Jogging,49106222305000,-0.61291564,18.496431,3.0237172
33,Jogging,49106332290000,-1.1849703,12.108489,7.205164
33,Jogging,49106442306000,1.3756552,-2.4925237,-6.510526
33,Jogging,49106542312000,-0.61291564,10.56939,5.706926
33,Jogging,49106652389000,-0.50395286,13.947236,7.0553403
33,Jogging,49106762313000,-8.430995,11.413852,5.134871
33,Jogging,49106872299000,0.95342433,1.3756552,1.6480621
33,Jogging,49106982315000,-8.19945,19.57244,2.7240696
33,Jogging,49107092330000,1.4165162,5.7886477,2.982856
33,Jogging,49107202316000,-1.879608,-2.982856,-0.29964766
33,Jogging,49107312332000,-6.1291566,6.851035,-8.158588
33,Jogging,49107422348000,5.829509,18.0061,8.539958
33,Jogging,49107522293000,6.2789803,2.982856,2.9147544
33,Jogging,49107632339000,-1.56634,8.308413,-1.4573772
33,Jogging,49107742355000,3.5276701,13.593107,9.425281
33,Jogging,49107852340000,-2.0294318,-5.706926,-10.18802
33,Jogging,49107962326000,2.7649305,10.337844,-9.724928
33,Jogging,49108062271000,3.568531,13.6748295,1.5390993
33,Jogging,49108172348000,-0.50395286,3.8681788,3.718355
33,Jogging,49108272262000,-2.3018389,1.6889231,0.08172209
33,Jogging,49108382370000,-3.568531,19.57244,6.510526
33,Jogging,49108492294000,-0.8036005,-3.2961242,-4.630918
33,Jogging,49108602371000,0.50395286,10.841797,13.525005
33,Jogging,49108702285000,5.706926,15.595298,6.1700177
33,Jogging,49108812332000,-8.662541,7.273266,4.0180025
33,Jogging,49108922378000,-1.334794,1.2258313,2.3699405
33,Jogging,49109022293000,-4.5900574,19.57244,4.7126403
33,Jogging,49109132308000,3.8681788,3.759216,0.84446156
33,Jogging,49109242355000,-1.7978859,1.5390993,8.730643
33,Jogging,49109352310000,7.668256,11.264028,-1.3075534
33,Jogging,49109462295000,-2.3699405,14.2877445,8.281172
33,Jogging,49109562271000,2.7240696,1.4573772,0.88532263
33,Jogging,49109672348000,-3.5957718,18.659876,-0.6537767
33,Jogging,49109782333000,3.9499009,4.140586,3.990762
33,Jogging,49109892349000,0.46309182,-2.4108016,2.4108016
33,Jogging,49109992263000,3.7864566,14.137921,-3.1463003
33,Jogging,49110102371000,3.336985,19.231932,6.5513873
33,Jogging,49110212326000,5.6660647,3.7864566,0.53119355
33,Jogging,49110263595000,0.23154591,0.7627395,0.7627395
33,Jogging,49110372299000,-4.8216033,19.57244,8.158588
33,Jogging,49110482345000,1.8387469,-1.1168685,-2.7921712
33,Jogging,49110582290000,-3.2961242,10.079058,13.824653
33,Jogging,49110692306000,11.604536,17.079916,1.334794
33,Jogging,49110802291000,-3.173541,14.015338,5.706926
33,Jogging,49110912307000,0.61291564,1.1168685,2.5606253
33,Jogging,49111012222000,-7.8861814,19.57244,1.9885708
33,Jogging,49111112289000,3.1463003,5.243834,4.671779
33,Jogging,49111222305000,-3.0237172,-4.3312707,-3.336985
33,Jogging,49111332290000,-0.08172209,11.917805,-7.8861814
33,Jogging,49111392257000,-1.0351465,14.818938,4.6036777
33,Jogging,49111502304000,-2.4516625,2.5333846,3.486809
33,Jogging,49111612289000,-1.3756552,2.070293,-0.19068487
33,Jogging,49111722335000,-2.4925237,19.57244,6.469665
33,Jogging,49111832290000,1.4573772,-5.243834,-4.372132
33,Jogging,49111942337000,-1.4165162,9.80665,5.7477865
33,Jogging,49112042282000,-1.2666923,14.709975,6.2108784
33,Jogging,49112152297000,-3.6774938,3.173541,3.7864566
33,Jogging,49112252273000,1.8387469,2.7649305,-1.7570249
33,Jogging,49112362289000,-1.2666923,19.313654,6.3198414
33,Jogging,49112472335000,2.4108016,-7.6546354,-6.1291566
33,Jogging,49112572280000,-0.61291564,16.358038,4.944186
33,Jogging,49112682296000,0.040861044,17.502148,2.5333846
33,Jogging,49112792343000,-7.6546354,7.8180795,4.372132
33,Jogging,49112902328000,-1.2666923,0.7218784,0.8036005
33,Jogging,49113002273000,-5.012288,19.57244,5.5162406
33,Jogging,49113112289000,1.9477097,2.7921712,2.070293
33,Jogging,49113222305000,-5.053149,1.6480621,7.6273947
33,Jogging,49113332290000,9.384419,13.443283,1.0351465
33,Jogging,49113442306000,-5.434519,13.211738,6.4424243
33,Jogging,49113560501000,-0.61291564,1.879608,1.4165162
33,Jogging,49113842239000,4.7126403,-6.5513873,-6.0201936
33,Jogging,49113952346000,-1.7570249,9.302697,-6.428804
33,Jogging,49114052230000,-0.9125633,10.501288,-0.27240697
33,Jogging,49114102218000,2.6014864,19.381754,4.440233
33,Jogging,49114212295000,5.7886477,3.214402,1.1441092
33,Jogging,49114312301000,-1.9885708,12.4489975,-2.7240696
33,Jogging,49114422317000,1.4165162,16.780268,8.471856
33,Jogging,49114522293000,0.42223078,-8.267551,-7.3549876
33,Jogging,49114632339000,-3.568531,10.95076,-0.8036005
33,Jogging,49114742355000,-4.671779,11.727119,0.38136974
33,Jogging,49114852340000,-2.1383946,1.6889231,3.5276701
33,Jogging,49114962295000,-1.334794,2.4925237,-0.3405087
33,Jogging,49115072311000,-2.9147544,19.57244,7.5865335
33,Jogging,49115172470000,3.5276701,-3.9499009,-1.920469
33,Jogging,49115272262000,-4.0588636,10.038197,14.2877445
33,Jogging,49115382339000,7.5865335,13.33432,3.8681788
33,Jogging,49115492294000,-5.175732,14.1787815,5.5162406
33,Downstairs,49646322311000,-0.040861044,4.9850473,6.510526
33,Downstairs,49646422317000,-0.46309182,4.372132,7.43671
33,Downstairs,49646522323000,-0.29964766,4.6036777,6.510526
33,Downstairs,49646572281000,-0.27240697,4.4810944,6.3607025
33,Downstairs,49646672317000,-1.525479,5.175732,7.164303
33,Downstairs,49646782303000,1.2666923,6.782933,8.853226
33,Downstairs,49646882461000,-1.1168685,1.4573772,7.082581
33,Downstairs,49646982315000,-0.38136974,0.7627395,7.5456724
33,Downstairs,49647082260000,-0.6537767,2.3699405,7.273266
33,Downstairs,49647192306000,0.27240697,1.6480621,8.117727
33,Downstairs,49647302292000,0.313268,0.8036005,8.662541
33,Downstairs,49647412338000,-0.3405087,0.10896278,8.812365
33,Downstairs,49647522323000,-0.19068487,-0.29964766,8.499097
33,Downstairs,49647632309000,-0.50395286,0.88532263,7.504812
33,Downstairs,49647742264000,0.10896278,2.5606253,7.7363577
33,Downstairs,49647842300000,1.1441092,2.9147544,7.504812
33,Downstairs,49647952347000,-0.040861044,4.9850473,7.014479
33,Downstairs,49648052261000,0.7627395,0.95342433,7.246025
33,Downstairs,49648152237000,-1.2258313,4.0180025,7.1234417
33,Downstairs,49648262314000,-0.6537767,2.070293,7.6954966
33,Downstairs,49648362289000,-0.7627395,1.3075534,7.273266
33,Downstairs,49648472305000,-0.84446156,3.1463003,7.3958488
33,Downstairs,49648522598000,-0.7218784,2.2609777,7.164303
33,Downstairs,49648622543000,-1.1441092,6.1291566,6.66035
33,Downstairs,49648722671000,1.0760075,4.2904096,7.014479
33,Downstairs,49648822281000,-0.29964766,5.175732,6.1700177
33,Downstairs,49648872360000,-1.0760075,7.1234417,6.3607025
33,Downstairs,49648982345000,0.95342433,6.0474343,6.238119
33,Downstairs,49649082260000,0.040861044,5.6252036,6.2108784
33,Downstairs,49649192306000,0.040861044,5.47538,7.205164
33,Downstairs,49649302292000,0.040861044,3.486809,6.3607025
33,Downstairs,49649412308000,-0.53119355,7.246025,6.2108784
33,Downstairs,49649522262000,-0.14982383,4.671779,6.891896
33,Downstairs,49649632309000,-0.88532263,5.5162406,6.3198414
33,Downstairs,49649742294000,-0.42223078,6.0882955,6.2789803
33,Downstairs,49649802322000,-0.08172209,5.706926,7.082581
33,Downstairs,49649912338000,-1.920469,6.851035,4.2495484
33,Downstairs,49650012253000,0.6537767,5.5571017,4.1814466
33,Downstairs,49650122299000,3.636633,5.7477865,3.5276701
33,Downstairs,49650232345000,4.2904096,4.6036777,4.630918
33,Downstairs,49650342300000,11.264028,6.510526,1.1168685
33,Downstairs,49650452316000,4.2904096,7.164303,-0.9942854
33,Downstairs,49650562332000,10.882658,7.4639506,-8.853226
33,Downstairs,49650662277000,5.47538,7.246025,-6.2108784
33,Downstairs,49650772293000,9.193735,6.4424243,-6.0201936
33,Downstairs,49650872299000,6.4015636,6.3607025,-5.6660647
33,Downstairs,49650982376000,6.701211,6.6331096,-4.7126403
33,Downstairs,49651082260000,9.997335,4.2904096,-6.973618
33,Downstairs,49651182297000,7.3549876,7.164303,-2.8738933
33,Downstairs,49651292312000,7.1234417,6.510526,-1.879608
33,Downstairs,49651392288000,7.9270425,7.4639506,-2.9147544
33,Downstairs,49651492264000,7.8589406,7.164303,-2.6014864
33,Downstairs,49651552322000,6.1291566,6.1291566,-2.6014864
33,Downstairs,49651652389000,1.9885708,6.2108784,-1.7978859
33,Downstairs,49651762375000,8.19945,9.724928,-2.4108016
33,Downstairs,49651822281000,2.8738933,9.507003,-0.9942854
33,Downstairs,49651932327000,2.1111538,9.956474,-1.6480621
33,Downstairs,49652042312000,2.9556155,10.528529,-0.3405087
33,Downstairs,49652152298000,1.7570249,10.269742,-0.08172209
33,Downstairs,49652262314000,1.6889231,9.997335,0.23154591
33,Downstairs,49652362259000,0.7627395,8.158588,0.46309182
33,Downstairs,49652472305000,-0.6946377,12.721405,0.7627395
33,Downstairs,49652572281000,0.040861044,12.067628,1.334794
33,Downstairs,49652672287000,-2.2609777,9.915613,1.6889231
33,Downstairs,49652782272000,-0.9125633,9.234595,1.6480621
33,Downstairs,49652882248000,-0.46309182,10.841797,1.9885708
33,Downstairs,49652982315000,0.7218784,9.00305,2.6423476
33,Downstairs,49653082321000,0.14982383,7.8589406,3.0237172
33,Downstairs,49653182297000,-0.10896278,7.5456724,3.486809
33,Downstairs,49653232162000,0.08172209,7.246025,3.0645783
33,Downstairs,49653332290000,-0.040861044,8.771504,1.6480621
33,Downstairs,49653442306000,-0.9125633,7.1234417,0.7627395
33,Downstairs,49653552292000,-0.53119355,8.430995,1.56634
33,Downstairs,49653652267000,-2.7240696,12.789507,2.3426998
33,Downstairs,49653762314000,-0.08172209,12.680544,-0.19068487
33,Downstairs,49653862259000,1.1849703,9.765789,0.3405087
33,Downstairs,49653972305000,-0.0,10.079058,0.9942854
33,Downstairs,49654072250000,1.0760075,8.349273,1.2666923
33,Downstairs,49654172287000,1.0351465,6.3198414,-0.14982383
33,Downstairs,49654282303000,-2.070293,5.7886477,2.3018389
33,Downstairs,49654382278000,-0.0,14.750836,5.47538
33,Downstairs,49654492294000,-3.3642259,7.9270425,3.5276701
33,Downstairs,49654592331000,-0.46309182,3.718355,1.3756552
33,Downstairs,49654702316000,-0.19068487,6.510526,2.2201166
33,Downstairs,49654812301000,-1.4165162,9.915613,3.405087
33,Downstairs,49654922317000,-2.4516625,16.317177,3.5957718
33,Downstairs,49655032303000,1.7297841,17.393185,1.4165162
33,Downstairs,49655142319000,0.8036005,10.310603,-0.42223078
33,Downstairs,49655242294000,0.6537767,8.689782,0.6946377
33,Downstairs,49655352310000,-1.3756552,6.3607025,2.0294318